12605461244
12606461255
12607461266
12608461277
12609461288
12610461299
12611461300
12612461311
12613461322
12614461333
12615461344
12616461355
12617461366
12618461377
12619461388
12620461399
12621461400
12622461411
12623461422
12624461433
12625461444
12626461455
12627461466
12628461477
12629461488
12630461499
12631461500
12632461511
12633461522
12634461533
12635461544
12636461555
12637461566
12638461577
12639461588
12640461599
12641461600
12642461611
12643461622
12644461633
12645461644
12646461655
12647461666
12648461677
12649461688
12650461699
12651461700
12652461711
12653461722
12654461733
12655461744
12656461755
12657461766
12658461777
12659461788
12660461799
12661461800
12662461811
12663461822
12664461833
12665461844
12666461855
12667461866
12668461877
12669461888
12670461899
12671461900
12672461911
12673461922
12674461933
12675461944
12676461955
12677461966
12678461977
12679461988
12680461999
12681462000
12682462011
12683462022
12684462033
12685462044
12686462055
12687462066
12688462077
12689462088
12690462099
12691462100
12692462111
12693462122
12694462133
12695462144
12696462155
12697462166
12698462177
12699462188
12700462199
12701462200
12702462211
12703462222
12704462233
12705462244
12706462255
12707462266
12708462277
12709462288
12710462299
12711462300
12712462311
12713462322
12714462333
12715462344
12716462355
12717462366
12718462377
12719462388
12720462399
12721462400
12722462411
12723462422
12724462433
12725462444
12726462455
12727462466
12728462477
12729462488
12730462499
12731462500
12732462511
12733462522
12734462533
12735462544
12736462555
12737462566
12738462577
12739462588
12740462599
12741462600
12742462611
12743462622
12744462633
12745462644
12746462655
12747462666
12748462677
12749462688
12750462699
12751462700
12752462711
12753462722
12754462733
12755462744
12756462755
12757462766
12758462777
12759462788
12760462799
12761462800
12762462811
12763462822
12764462833
12765462844
12766462855
12767462866
12768462877
12769462888
12770462899
12771462900
12772462911
12773462922
12774462933
12775462944
12776462955
12777462966
12778462977
12779462988
12780462999
12781463000
12782463011
12783463022
12784463033
12785463044
12786463055
12787463066
12788463077
12789463088
12790463099
12791463100
12792463111
12793463122
12794463133
12795463144
12796463155
12797463166
12798463177
12799463188
12800463199
12801463200
12802463211
12803463222
12804463233
12805463244
12806463255
12807463266
12808463277
12809463288
12810463299
12811463300
12812463311
12813463322
12814463333
12815463344
12816463355
12817463366
12818463377
12819463388
12820463399
12821463400
12822463411
12823463422
12824463433
12825463444
12826463455
12827463466
12828463477
12829463488
12830463499
12831463500
12598461177
12599461188
12600461199
12601461200
12602461211
12603461222
12604461233
12605461244
12606461255
12607461266
12608461277
12609461288
12610461299
12611461300
12612461311
12613461322
12614461333
12615461344
12616461355
12617461366
12618461377
12619461388
12620461399
12621461400
12622461411
12623461422
12624461433
12625461444
12626461455
12627461466
12628461477
12629461488
12630461499
12631461500
12632461511
12633461522
12634461533
12635461544
12636461555
12637461566
12638461577
12639461588
12640461599
12641461600
12642461611
12643461622
12644461633
12645461644
12646461655
12647461666
12648461677
12649461688
12650461699
12651461700
12652461711
12653461722
12654461733
12655461744
12656461755
12657461766
12658461777
12659461788
12660461799
12661461800
12662461811
12663461822
12664461833
12665461844
12666461855
12667461866
12668461877
12669461888
12670461899
12671461900
12672461911
12673461922
12674461933
12675461944
12676461955
12677461966
12678461977
12679461988
12680461999
12681462000
12682462011
12683462022
12684462033
12685462044
12686462055
12687462066
12688462077
12689462088
12690462099
12691462100
12692462111
12693462122
12694462133
12695462144
12696462155
12697462166
12698462177
12699462188
12700462199
12701462200
12702462211
12703462222
12704462233
12705462244
12706462255
12707462266
12708462277
12709462288
12710462299
12711462300
12712462311
12713462322
12714462333
12715462344
12716462355
12717462366
12718462377
12719462388
12720462399
12721462400
12722462411
12723462422
12724462433
12725462444
12726462455
12727462466
12728462477
12729462488
12730462499
12731462500
12732462511
12733462522
12734462533
12735462544
12736462555
12737462566
12738462577
12739462588
12740462599
12741462600
12742462611
12743462622
12744462633
12745462644
12746462655
12747462666
12748462677
12749462688
12750462699
12751462700
12752462711
12753462722
12754462733
12755462744
12756462755
12757462766
12758462777
12759462788
12760462799
12761462800
12762462811
12763462822
12764462833
12765462844
12766462855
12767462866
12768462877
12769462888
12770462899
12771462900
12772462911
12773462922
12774462933
12775462944
12776462955
12777462966
12778462977
12779462988
12780462999
12781463000
12782463011
12783463022
12784463033
12785463044
12786463055
12787463066
12788463077
12789463088
12790463099
12791463100
12792463111
12793463122
12794463133
12795463144
12796463155
12797463166
12798463177
12799463188
12800463199
12801463200
12802463211
12803463222
12804463233
12805463244
12806463255
12807463266
12808463277
12809463288
12810463299
12811463300
12812463311
12813463322
12814463333
12815463344
12816463355
12817463366
12818463377
12819463388
12820463399
12821463400
12822463411
12823463422
12824463433
12825463444
12826463455
12827463466
12828463477
12829463488
12830463499
12831463500
12598461177
12599461188
12600461199
12601461200
12602461211
12603461222
12604461233
12605461244
12606461255
12607461266
12608461277
12609461288
12610461299
12611461300
12612461311
12613461322
12614461333
12615461344
12616461355
12617461366
12618461377
12619461388
12620461399
12621461400
12622461411
12623461422
12624461433
12625461444
12626461455
12627461466
12628461477
12629461488
12630461499
12631461500
12632461511
12633461522
12634461533
12635461544
12636461555
12637461566
12638461577
12639461588
12640461599
12641461600
12642461611
12643461622
12644461633
12645461644
12646461655
12647461666
12648461677
12649461688
12650461699
12651461700
12652461711
12653461722
12654461733
12655461744
12656461755
12657461766
12658461777
12659461788
12660461799
12661461800
12662461811
12663461822
12664461833
12665461844
12666461855
12667461866
12668461877
12669461888
12670461899
12671461900
12672461911
12673461922
12674461933
12675461944
12676461955
12677461966
12678461977
12679461988
12680461999
12681462000
12682462011
12683462022
12684462033
12685462044
12686462055
12687462066
12688462077
12689462088
12690462099
12691462100
12692462111
12693462122
12694462133
12695462144
12696462155
12697462166
12698462177
12699462188
12700462199
12701462200
12702462211
12703462222
12704462233
12705462244
12706462255
12707462266
12708462277
12709462288
12710462299
12711462300
12712462311
12713462322
12714462333
12715462344
12716462355
12717462366
12718462377
12719462388
12720462399
12721462400
12722462411
12723462422
12724462433
12725462444
12726462455
12727462466
12728462477
12729462488
12730462499
12731462500
12732462511
12733462522
12734462533
12735462544
12736462555
12737462566
12738462577
12739462588
12740462599
12741462600
12742462611
12743462622
12744462633
12745462644
12746462655
12747462666
12748462677
12749462688
12750462699
12751462700
12752462711
12753462722
12754462733
12755462744
12756462755
12757462766
12758462777
12759462788
12760462799
12761462800
12762462811
12763462822
12764462833
12765462844
12766462855
12767462866
12768462877
12769462888
12770462899
12771462900
12772462911
12773462922
12774462933
12775462944
12776462955
12777462966
12778462977
12779462988
12780462999
12781463000
12782463011
12783463022
12784463033
12785463044
12786463055
12787463066
12788463077
12789463088
12790463099
12791463100
12792463111
12793463122
12794463133
12795463144
12796463155
12797463166
12798463177
12799463188
12800463199
12801463200
12802463211
12803463222
12804463233
12805463244
12806463255
12807463266
12808463277
12809463288
12810463299
12811463300
12812463311
12813463322
12814463333
12815463344
12816463355
12817463366
12818463377
12819463388
12820463399
12821463400
12822463411
12823463422
12824463433
12825463444
12826463455
12827463466
12828463477
12829463488
12830463499
12831463500
12598461177
12599461188
12600461199
12601461200
12602461211
12603461222
12604461233
12605461244
12606461255
12607461266
12608461277
12609461288
12610461299
12611461300
12612461311
12613461322
12614461333
12615461344
12616461355
12617461366
12618461377
12619461388
12620461399
12621461400
12622461411
12623461422
12624461433
12625461444
12626461455
12627461466
12628461477
12629461488
12630461499
12631461500
12632461511
12633461522
12634461533
12635461544
12636461555
12637461566
12638461577
12639461588
12640461599
12641461600
12642461611
12643461622
12644461633
12645461644
12646461655
12647461666
12648461677
12649461688
12650461699
12651461700
12652461711
12653461722
12654461733
12655461744
12656461755
12657461766
12658461777
12659461788
12660461799
12661461800
12662461811
12663461822
12664461833
12665461844
12666461855
12667461866
12668461877
12669461888
12670461899
12671461900
12672461911
12673461922
12674461933
12675461944
12676461955
12677461966
12678461977
12679461988
12680461999
12681462000
12682462011
12683462022
12684462033
12685462044
12686462055
12687462066
12688462077
12689462088
12690462099
12691462100
12692462111
12693462122
12694462133
12695462144
12696462155
12697462166
12698462177
12699462188
12700462199
12701462200
12702462211
12703462222
12704462233
12705462244
12706462255
12707462266
12708462277
12709462288
12710462299
12711462300
12712462311
12713462322
12714462333
12715462344
12716462355
12717462366
12718462377
12719462388
12720462399
12721462400
12722462411
12723462422
12724462433
12725462444
12726462455
12727462466
12728462477
12729462488
12730462499
12731462500
12732462511
12733462522
12734462533
12735462544
12736462555
12737462566
12738462577
12739462588
12740462599
12741462600
12742462611
12743462622
12744462633
12745462644
12746462655
12747462666
12748462677
12749462688
12750462699
12751462700
12752462711
12753462722
12754462733
12755462744
12756462755
12757462766
12758462777
12759462788
12760462799
12761462800
12762462811
12763462822
12764462833
12765462844
12766462855
12767462866
12768462877
12769462888
12770462899
12771462900
12772462911
12773462922
12774462933
12775462944
12776462955
12777462966
12778462977
12779462988
12780462999
12781463000
12782463011
12783463022
12784463033
12785463044
12786463055
12787463066
12788463077
12789463088
12790463099
12791463100
12792463111
12793463122
12794463133
12795463144
12796463155
12797463166
12798463177
12799463188
12800463199
12801463200
12802463211
12803463222
12804463233
12805463244
12806463255
12807463266
12808463277
12809463288
12810463299
12811463300
12812463311
12813463322
12814463333
12815463344
12816463355
12817463366
12818463377
12819463388
12820463399
12821463400
12822463411
12823463422
12824463433
12825463444
12826463455
12827463466
12828463477
12829463488
12830463499
12831463500
12598461177
12599461188
12600461199
12601461200
12602461211
12603461222
12604461233
12605461244
12606461255
12607461266
12608461277
12609461288
12610461299
12611461300
12612461311
12613461322
12614461333
12615461344
12616461355
12617461366
12618461377
12619461388
12620461399
12621461400
12622461411
12623461422
12624461433
12625461444
12626461455
12627461466
12628461477
12629461488
12630461499
12631461500
12632461511
12633461522
12634461533
12635461544
12636461555
12637461566
12638461577
12639461588
12640461599
12641461600
12642461611
12643461622
12644461633
12645461644
12646461655
12647461666
12648461677
12649461688
12650461699
12651461700
12652461711
12653461722
12654461733
12655461744
12656461755
12657461766
12658461777
12659461788
12660461799
12661461800
12662461811
12663461822
12664461833
12665461844
12666461855
12667461866
12668461877
12669461888
12670461899
12671461900
12672461911
12673461922
12674461933
12675461944
12676461955
12677461966
12678461977
12679461988
12680461999
12681462000
12682462011
12683462022
12684462033
12685462044
12686462055
12687462066
12688462077
12689462088
12690462099
12691462100
12692462111
12693462122
12694462133
12695462144
12696462155
12697462166
12698462177
12699462188
12700462199
12701462200
12702462211
12703462222
12704462233
12705462244
12706462255
12707462266
12708462277
12709462288
12710462299
12711462300
12712462311
12713462322
12714462333
12715462344
12716462355
12717462366
12718462377
12719462388
12720462399
12721462400
12722462411
12723462422
12724462433
12725462444
12726462455
12727462466
12728462477
12729462488
12730462499
12731462500
12732462511
12733462522
12734462533
12735462544
12736462555
12737462566
12738462577
12739462588
12740462599
12741462600
12742462611
12743462622
12744462633
12745462644
12746462655
12747462666
12748462677
12749462688
12750462699
12751462700
12752462711
12753462722
12754462733
12755462744
12756462755
12757462766
12758462777
12759462788
12760462799
12761462800
12762462811
12763462822
12764462833
12765462844
12766462855
12767462866
12768462877
12769462888
12770462899
12771462900
12772462911
12773462922
12774462933
12775462944
12776462955
12777462966
12778462977
12779462988
12780462999
12781463000
12782463011
12783463022
12784463033
12785463044
12786463055
12787463066
12788463077
12789463088
12790463099
12791463100
12792463111
12793463122
12794463133
12795463144
12796463155
12797463166
12798463177
12799463188
12800463199
12801463200
12802463211
12803463222
12804463233
12805463244
12806463255
12807463266
12808463277
12809463288
12810463299
12811463300
12812463311
12813463322
12814463333
12815463344
12816463355
12817463366
12818463377
12819463388
12820463399
12821463400
12822463411
12823463422
12824463433
12825463444
12826463455
12827463466
12828463477
12829463488
12830463499
12831463500
12598461177
12599461188
12600461199
12601461200
12602461211
12603461222
12604461233
12605461244
12606461255
12607461266
12608461277
12609461288
12610461299
12611461300
12612461311
12613461322
12614461333
12615461344
12616461355
12617461366
12618461377
12619461388
12620461399
12621461400
12622461411
12623461422
12624461433
12625461444
12626461455
12627461466
12628461477
12629461488
12630461499
12631461500
12632461511
12633461522
12634461533
12635461544
12636461555
12637461566
12638461577
12639461588
12640461599
12641461600
12642461611
12643461622
12644461633
12645461644
12646461655
12647461666
12648461677
12649461688
12650461699
12651461700
12652461711
12653461722
12654461733
12655461744
12656461755
12657461766
12658461777
12659461788
12660461799
12661461800
12662461811
12663461822
12664461833
12665461844
12666461855
12667461866
12668461877
12669461888
12670461899
12671461900
12672461911
12673461922
12674461933
12675461944
12676461955
12677461966
12678461977
12679461988
12680461999
12681462000
12682462011
12683462022
12684462033
12685462044
12686462055
12687462066
12688462077
12689462088
12690462099
12691462100
12692462111
12693462122
12694462133
12695462144
12696462155
12697462166
12698462177
12699462188
12700462199
12701462200
12702462211
12703462222
12704462233
12705462244
12706462255
12707462266
12708462277
12709462288
12710462299
12711462300
12712462311
12713462322
12714462333
12715462344
12716462355
12717462366
12718462377
12719462388
12720462399
12721462400
12722462411
12723462422
12724462433
12725462444
12726462455
12727462466
12728462477
12729462488
12730462499
12731462500
12732462511
12733462522
12734462533
12735462544
12736462555
12737462566
12738462577
12739462588
12740462599
12741462600
12742462611
12743462622
12744462633
12745462644
12746462655
12747462666
12748462677
12749462688
12750462699
12751462700
12752462711
12753462722
12754462733
12755462744
12756462755
12757462766
12758462777
12759462788
12760462799
12761462800
12762462811
12763462822
12764462833
12765462844
12766462855
12767462866
12768462877
12769462888
12770462899
12771462900
12772462911
12773462922
12774462933
12775462944
12776462955
12777462966
12778462977
12779462988
12780462999
12781463000
12782463011
12783463022
12784463033
12785463044
12786463055
12787463066
12788463077
12789463088
12790463099
12791463100
12792463111
12793463122
12794463133
12795463144
12796463155
12797463166
12798463177
12799463188
12800463199
12801463200
12802463211
12803463222
12804463233
12805463244
12806463255
12807463266
12808463277
12809463288
12810463299
12811463300
12812463311
12813463322
12814463333
12815463344
12816463355
12817463366
12818463377
12819463388
12820463399
12821463400
12822463411
12823463422
12824463433
12825463444
12826463455
12827463466
12828463477
12829463488
12830463499
12831463500
12598461177
12599461188
12600461199
12601461200
12602461211
12603461222
12604461233
12605461244
12606461255
12607461266
12608461277
12609461288
12610461299
12611461300
12612461311
12613461322
12614461333
12615461344
12616461355
12617461366
12618461377
12619461388
12620461399
12621461400
12622461411
12623461422
12624461433
12625461444
12626461455
12627461466
12628461477
12629461488
12630461499
12631461500
12632461511
12633461522
12634461533
12635461544
12636461555
12637461566
12638461577
12639461588
12640461599
12641461600
12642461611
12643461622
12644461633
12645461644
12646461655
12647461666
12648461677
12649461688
12650461699
12651461700
12652461711
12653461722
12654461733
12655461744
12656461755
12657461766
12658461777
12659461788
12660461799
12661461800
12662461811
12663461822
12664461833
12665461844
12666461855
12667461866
12668461877
12669461888
12670461899
12671461900
12672461911
12673461922
12674461933
12675461944
12676461955
12677461966
12678461977
12679461988
12680461999
12681462000
12682462011
12683462022
12684462033
12685462044
12686462055
12687462066
12688462077
12689462088
12690462099
12691462100
12692462111
12693462122
12694462133
12695462144
12696462155
12697462166
12698462177
12699462188
12700462199
12701462200
12702462211
12703462222
12704462233
12705462244
12706462255
12707462266
12708462277
12709462288
12710462299
12711462300
12712462311
12713462322
12714462333
12715462344
12716462355
12717462366
12718462377
12719462388
12720462399
12721462400
12722462411
12723462422
12724462433
12725462444
12726462455
12727462466
12728462477
12729462488
12730462499
12731462500
12732462511
12733462522
12734462533
12735462544
12736462555
12737462566
12738462577
12739462588
12740462599
12741462600
12742462611
12743462622
12744462633
12745462644
12746462655
12747462666
12748462677
12749462688
12750462699
12751462700
12752462711
12753462722
12754462733
12755462744
12756462755
12757462766
12758462777
12759462788
12760462799
12761462800
12762462811
12763462822
12764462833
12765462844
12766462855
12767462866
12768462877
12769462888
12770462899
12771462900
12772462911
12773462922
12774462933
12775462944
12776462955
12777462966
12778462977
12779462988
12780462999
12781463000
12782463011
12783463022
12784463033
12785463044
12786463055
12787463066
12788463077
12789463088
12790463099
12791463100
12792463111
12793463122
12794463133
12795463144
12796463155
12797463166
12798463177
12799463188
12800463199
12801463200
12802463211
12803463222
12804463233
12805463244
12806463255
12807463266
12808463277
12809463288
12810463299
12811463300
12812463311
12813463322
12814463333
12815463344
12816463355
12817463366
12818463377
12819463388
12820463399
12821463400
12822463411
12823463422
12824463433
12825463444
12826463455
12827463466
12828463477
12829463488
12830463499
12831463500
12598461177
12599461188
12600461199
12601461200
12602461211
12603461222
12604461233
12605461244
12606461255
12607461266
12608461277
12609461288
12610461299
12611461300
12612461311
12613461322
12614461333
12615461344
12616461355
12617461366
12618461377
12619461388
12620461399
12621461400
12622461411
12623461422
12624461433
12625461444
12626461455
12627461466
12628461477
12629461488
12630461499
12631461500
12632461511
12633461522
12634461533
12635461544
12636461555
12637461566
12638461577
12639461588
12640461599
12641461600
12642461611
12643461622
12644461633
12645461644
12646461655
12647461666
12648461677
12649461688
12650461699
12651461700
12652461711
12653461722
12654461733
12655461744
12656461755
12657461766
12658461777
12659461788
12660461799
12661461800
12662461811
12663461822
12664461833
12665461844
12666461855
12667461866
12668461877
12669461888
12670461899
12671461900
12672461911
12673461922
12674461933
12675461944
12676461955
12677461966
12678461977
12679461988
12680461999
12681462000
12682462011
12683462022
12684462033
12685462044
12686462055
12687462066
12688462077
12689462088
12690462099
12691462100
12692462111
12693462122
12694462133
12695462144
12696462155
12697462166
12698462177
12699462188
12700462199
12701462200
12702462211
12703462222
12704462233
12705462244
12706462255
12707462266
12708462277
12709462288
12710462299
12711462300
12712462311
12713462322
12714462333
12715462344
12716462355
12717462366
12718462377
12719462388
12720462399
12721462400
12722462411
12723462422
12724462433
12725462444
12726462455
12727462466
12728462477
12729462488
12730462499
12731462500
12732462511
12733462522
12734462533
12735462544
12736462555
12737462566
12738462577
12739462588
12740462599
12741462600
12742462611
12743462622
12744462633
12745462644
12746462655
12747462666
12748462677
12749462688
12750462699
12751462700
12752462711
12753462722
12754462733
12755462744
12756462755
12757462766
12758462777
12759462788
12760462799
12761462800
12762462811
12763462822
12764462833
12765462844
12766462855
12767462866
12768462877
12769462888
12770462899
12771462900
12772462911
12773462922
12774462933
12775462944
12776462955
12777462966
12778462977
12779462988
12780462999
12781463000
12782463011
12783463022
12784463033
12785463044
12786463055
12787463066
12788463077
12789463088
12790463099
12791463100
12792463111
12793463122
12794463133
12795463144
12796463155
12797463166
12798463177
12799463188
12800463199
12801463200
12802463211
12803463222
12804463233
12805463244
12806463255
12807463266
12808463277
12809463288
12810463299
12811463300
12812463311
12813463322
12814463333
12815463344
12816463355
12817463366
12818463377
12819463388
12820463399
12821463400
12822463411
12823463422
12824463433
12825463444
12826463455
12827463466
12828463477
12829463488
12830463499
12831463500
12598461177
12599461188
12600461199
12601461200
12602461211
12603461222
12604461233
12605461244
12606461255
12607461266
12608461277
12609461288
12610461299
12611461300
12612461311
12613461322
12614461333
12615461344
12616461355
12617461366
12618461377
12619461388
12620461399
12621461400
12622461411
12623461422
12624461433
12625461444
12626461455
12627461466
12628461477
12629461488
12630461499
12631461500
12632461511
12633461522
12634461533
12635461544
12636461555
12637461566
12638461577
12639461588
12640461599
12641461600
12642461611
12643461622
12644461633
12645461644
12646461655
12647461666
12648461677
12649461688
12650461699
12651461700
12652461711
12653461722
12654461733
12655461744
12656461755
12657461766
12658461777
12659461788
12660461799
12661461800
12662461811
12663461822
12664461833
12665461844
12666461855
12667461866
12668461877
12669461888
12670461899
12671461900
12672461911
12673461922
12674461933
12675461944
12676461955
12677461966
12678461977
12679461988
12680461999
12681462000
12682462011
12683462022
12684462033
12685462044
12686462055
12687462066
12688462077
12689462088
12690462099
12691462100
12692462111
12693462122
12694462133
12695462144
12696462155
12697462166
12698462177
12699462188
12700462199
12701462200
12702462211
12703462222
12704462233
12705462244
12706462255
12707462266
12708462277
12709462288
12710462299
12711462300
12712462311
12713462322
12714462333
12715462344
12716462355
12717462366
12718462377
12719462388
12720462399
12721462400
12722462411
12723462422
12724462433
12725462444
12726462455
12727462466
12728462477
12729462488
12730462499
12731462500
12732462511
12733462522
12734462533
12735462544
12736462555
12737462566
12738462577
12739462588
12740462599
12741462600
12742462611
12743462622
12744462633
12745462644
12746462655
12747462666
12748462677
12749462688
12750462699
12751462700
12752462711
12753462722
12754462733
12755462744
12756462755
12757462766
12758462777
12759462788
12760462799
12761462800
12762462811
12763462822
12764462833
12765462844
12766462855
12767462866
12768462877
12769462888
12770462899
12771462900
12772462911
12773462922
12774462933
12775462944
12776462955
12777462966
12778462977
12779462988
12780462999
12781463000
12782463011
12783463022
12784463033
12785463044
12786463055
12787463066
12788463077
12789463088
12790463099
12791463100
12792463111
12793463122
12794463133
12795463144
12796463155
12797463166
12798463177
12799463188
12800463199
12801463200
12802463211
12803463222
12804463233
12805463244
12806463255
12807463266
12808463277
12809463288
12810463299
12811463300
12812463311
12813463322
12814463333
12815463344
12816463355
12817463366
12818463377
12819463388
12820463399
12821463400
12822463411
12823463422
12824463433
12825463444
12826463455
12827463466
12828463477
12829463488
12830463499
12831463500
12598461177
12599461188
12600461199
12601461200
12602461211
12603461222
12604461233
12605461244
12606461255
12607461266
12608461277
12609461288
12610461299
12611461300
12612461311
12613461322
12614461333
12615461344
12616461355
12617461366
12618461377
12619461388
12620461399
12621461400
12622461411
12623461422
12624461433
12625461444
12626461455
12627461466
12628461477
12629461488
12630461499
12631461500
12632461511
12633461522
12634461533
12635461544
12636461555
12637461566
12638461577
12639461588
12640461599
12641461600
12642461611
12643461622
12644461633
12645461644
12646461655
12647461666
12648461677
12649461688
12650461699
12651461700
12652461711
12653461722
12654461733
12655461744
12656461755
12657461766
12658461777
12659461788
12660461799
12661461800
12662461811
12663461822
12664461833
12665461844
12666461855
12667461866
12668461877
12669461888
12670461899
12671461900
12672461911
12673461922
12674461933
12675461944
12676461955
12677461966
12678461977
12679461988
12680461999
12681462000
12682462011
12683462022
12684462033
12685462044
12686462055
12687462066
12688462077
12689462088
12690462099
12691462100
12692462111
12693462122
12694462133
12695462144
12696462155
12697462166
12698462177
12699462188
12700462199
12701462200
12702462211
12703462222
12704462233
12705462244
12706462255
12707462266
12708462277
12709462288
12710462299
12711462300
12712462311
12713462322
12714462333
12715462344
12716462355
12717462366
12718462377
12719462388
12720462399
12721462400
12722462411
12723462422
12724462433
12725462444
12726462455
12727462466
12728462477
12729462488
12730462499
12731462500
12732462511
12733462522
12734462533
12735462544
12736462555
12737462566
12738462577
12739462588
12740462599
12741462600
12742462611
12743462622
12744462633
12745462644
12746462655
12747462666
12748462677
12749462688
12750462699
12751462700
12752462711
12753462722
12754462733
12755462744
12756462755
12757462766
12758462777
12759462788
12760462799
12761462800
12762462811
12763462822
12764462833
12765462844
12766462855
12767462866
12768462877
12769462888
12770462899
12771462900
12772462911
12773462922
12774462933
12775462944
12776462955
12777462966
12778462977
12779462988
12780462999
12781463000
12782463011
12783463022
12784463033
12785463044
12786463055
12787463066
12788463077
12789463088
12790463099
12791463100
12792463111
12793463122
12794463133
12795463144
12796463155
12797463166
12798463177
12799463188
12800463199
12801463200
12802463211
12803463222
12804463233
12805463244
12806463255
12807463266
12808463277
12809463288
12810463299
12811463300
12812463311
12813463322
12814463333
12815463344
12816463355
12817463366
12818463377
12819463388
12820463399
12821463400
12822463411
12823463422
12824463433
12825463444
12826463455
12827463466
12828463477
12829463488
12830463499
12831463500
12598461177
12599461188
12600461199
12601461200
12602461211
12603461222
12604461233
12605461244
12606461255
12607461266
12608461277
12609461288
12610461299
12611461300
12612461311
12613461322
12614461333
12615461344
12616461355
12617461366
12618461377
12619461388
12620461399
12621461400
12622461411
12623461422
12624461433
12625461444
12626461455
12627461466
12628461477
12629461488
12630461499
12631461500
12632461511
12633461522
12634461533
12635461544
12636461555
12637461566
12638461577
12639461588
12640461599
12641461600
12642461611
12643461622
12644461633
12645461644
12646461655
12647461666
12648461677
12649461688
12650461699
12651461700
12652461711
12653461722
12654461733
12655461744
12656461755
12657461766
12658461777
12659461788
12660461799
12661461800
12662461811
12663461822
12664461833
12665461844
12666461855
12667461866
12668461877
12669461888
12670461899
12671461900
12672461911
12673461922
12674461933
12675461944
12676461955
12677461966
12678461977
12679461988
12680461999
12681462000
12682462011
12683462022
12684462033
12685462044
12686462055
12687462066
12688462077
12689462088
12690462099
12691462100
12692462111
12693462122
12694462133
12695462144
12696462155
12697462166
12698462177
12699462188
12700462199
12701462200
12702462211
12703462222
12704462233
12705462244
12706462255
12707462266
12708462277
12709462288
12710462299
12711462300
12712462311
12713462322
12714462333
12715462344
12716462355
12717462366
12718462377
12719462388
12720462399
12721462400
12722462411
12723462422
12724462433
12725462444
12726462455
12727462466
12728462477
12729462488
12730462499
12731462500
12732462511
12733462522
12734462533
12735462544
12736462555
12737462566
12738462577
12739462588
12740462599
12741462600
12742462611
12743462622
12744462633
12745462644
12746462655
12747462666
12748462677
12749462688
12750462699
12751462700
12752462711
12753462722
12754462733
12755462744
12756462755
12757462766
12758462777
12759462788
12760462799
12761462800
12762462811
12763462822
12764462833
12765462844
12766462855
12767462866
12768462877
12769462888
12770462899
12771462900
12772462911
12773462922
12774462933
12775462944
12776462955
12777462966
12778462977
12779462988
12780462999
12781463000
12782463011
12783463022
12784463033
12785463044
12786463055
12787463066
12788463077
12789463088
12790463099
12791463100
12792463111
12793463122
12794463133
12795463144
12796463155
12797463166
12798463177
12799463188
12800463199
12801463200
12802463211
12803463222
12804463233
12805463244
12806463255
12807463266
12808463277
12809463288
12810463299
12811463300
12812463311
12813463322
12814463333
12815463344
12816463355
12817463366
12818463377
12819463388
12820463399
12821463400
12822463411
12823463422
12824463433
12825463444
12826463455
12827463466
12828463477
12829463488
12830463499
12831463500
12598461177
12599461188
12600461199
12601461200
12602461211
12603461222
12604461233
12605461244
12606461255
12607461266
12608461277
12609461288
12610461299
12611461300
12612461311
12613461322
12614461333
12615461344
12616461355
12617461366
12618461377
12619461388
12620461399
12621461400
12622461411
12623461422
12624461433
12625461444
12626461455
12627461466
12628461477
12629461488
12630461499
12631461500
12632461511
12633461522
12634461533
12635461544
12636461555
12637461566
12638461577
12639461588
12640461599
12641461600
12642461611
12643461622
12644461633
12645461644
12646461655
12647461666
12648461677
12649461688
12650461699
12651461700
12652461711
12653461722
12654461733
12655461744
12656461755
12657461766
12658461777
12659461788
12660461799
12661461800
12662461811
12663461822
12664461833
12665461844
12666461855
12667461866
12668461877
12669461888
12670461899
12671461900
12672461911
12673461922
12674461933
12675461944
12676461955
12677461966
12678461977
12679461988
12680461999
12681462000
12682462011
12683462022
12684462033
12685462044
12686462055
12687462066
12688462077
12689462088
12690462099
12691462100
12692462111
12693462122
12694462133
12695462144
12696462155
12697462166
12698462177
12699462188
12700462199
12701462200
12702462211
12703462222
12704462233
12705462244
12706462255
12707462266
12708462277
12709462288
12710462299
12711462300
12712462311
12713462322
12714462333
12715462344
12716462355
12717462366
12718462377
12719462388
12720462399
12721462400
12722462411
12723462422
12724462433
12725462444
12726462455
12727462466
12728462477
12729462488
12730462499
12731462500
12732462511
12733462522
12734462533
12735462544
12736462555
12737462566
12738462577
12739462588
12740462599
12741462600
12742462611
12743462622
12744462633
12745462644
12746462655
12747462666
12748462677
12749462688
12750462699
12751462700
12752462711
12753462722
12754462733
12755462744
12756462755
12757462766
12758462777
12759462788
12760462799
12761462800
12762462811
12763462822
12764462833
12765462844
12766462855
12767462866
12768462877
12769462888
12770462899
12771462900
12772462911
12773462922
12774462933
12775462944
12776462955
12777462966
12778462977
12779462988
12780462999
12781463000
12782463011
12783463022
12784463033
12785463044
12786463055
12787463066
12788463077
12789463088
12790463099
12791463100
12792463111
12793463122
12794463133
12795463144
12796463155
12797463166
12798463177
12799463188
12800463199
12801463200
12802463211
12803463222
12804463233
12805463244
12806463255
12807463266
12808463277
12809463288
12810463299
12811463300
12812463311
12813463322
12814463333
12815463344
12816463355
12817463366
12818463377
12819463388
12820463399
12821463400
12822463411
12823463422
12824463433
12825463444
12826463455
12827463466
12828463477
12829463488
12830463499
12831463500
12598461177
12599461188
12600461199
12601461200
12602461211
12603461222
12604461233
12605461244
12606461255
12607461266
12608461277
12609461288
12610461299
12611461300
12612461311
12613461322
12614461333
12615461344
12616461355
12617461366
12618461377
12619461388
12620461399
12621461400
12622461411
12623461422
12624461433
12625461444
12626461455
12627461466
12628461477
12629461488
12630461499
12631461500
12632461511
12633461522
12634461533
12635461544
12636461555
12637461566
12638461577
12639461588
12640461599
12641461600
12642461611
12643461622
12644461633
12645461644
12646461655
12647461666
12648461677
12649461688
12650461699
12651461700
12652461711
12653461722
12654461733
12655461744
12656461755
12657461766
12658461777
12659461788
12660461799
12661461800
12662461811
12663461822
12664461833
12665461844
12666461855
12667461866
12668461877
12669461888
12670461899
12671461900
12672461911
12673461922
12674461933
12675461944
12676461955
12677461966
12678461977
12679461988
12680461999
12681462000
12682462011
12683462022
12684462033
12685462044
12686462055
12687462066
12688462077
12689462088
12690462099
12691462100
12692462111
12693462122
12694462133
12695462144
12696462155
12697462166
12698462177
12699462188
12700462199
12701462200
12702462211
12703462222
12704462233
12705462244
12706462255
12707462266
12708462277
12709462288
12710462299
12711462300
12712462311
12713462322
12714462333
12715462344
12716462355
12717462366
12718462377
12719462388
12720462399
12721462400
12722462411
12723462422
12724462433
12725462444
12726462455
12727462466
12728462477
12729462488
12730462499
12731462500
12732462511
12733462522
12734462533
12735462544
12736462555
12737462566
12738462577
12739462588
12740462599
12741462600
12742462611
12743462622
12744462633
12745462644
12746462655
12747462666
12748462677
12749462688
12750462699
12751462700
12752462711
12753462722
12754462733
12755462744
12756462755
12757462766
12758462777
12759462788
12760462799
12761462800
12762462811
12763462822
12764462833
12765462844
12766462855
12767462866
12768462877
12769462888
12770462899
12771462900
12772462911
12773462922
12774462933
12775462944
12776462955
12777462966
12778462977
12779462988
12780462999
12781463000
12782463011
12783463022
12784463033
12785463044
12786463055
12787463066
12788463077
12789463088
12790463099
12791463100
12792463111
12793463122
12794463133
12795463144
12796463155
12797463166
12798463177
12799463188
12800463199
12801463200
12802463211
12803463222
12804463233
12805463244
12806463255
12807463266
12808463277
12809463288
12810463299
12811463300
12812463311
12813463322
12814463333
12815463344
12816463355
12817463366
12818463377
12819463388
12820463399
12821463400
12822463411
12823463422
12824463433
12825463444
12826463455
12827463466
12828463477
12829463488
12830463499
12831463500
12598461177
12599461188
12600461199
12601461200
12602461211
12603461222
12604461233
12605461244
12606461255
12607461266
12608461277
12609461288
12610461299
12611461300
12612461311
12613461322
12614461333
12615461344
12616461355
12617461366
12618461377
12619461388
12620461399
12621461400
12622461411
12623461422
12624461433
12625461444
12626461455
12627461466
12628461477
12629461488
12630461499
12631461500
12632461511
12633461522
12634461533
12635461544
12636461555
12637461566
12638461577
12639461588
12640461599
12641461600
12642461611
12643461622
12644461633
12645461644
12646461655
12647461666
12648461677
12649461688
12650461699
12651461700
12652461711
12653461722
12654461733
12655461744
12656461755
12657461766
12658461777
12659461788
12660461799
12661461800
12662461811
12663461822
12664461833
12665461844
12666461855
12667461866
12668461877
12669461888
12670461899
12671461900
12672461911
12673461922
12674461933
12675461944
12676461955
12677461966
12678461977
12679461988
12680461999
12681462000
12682462011
12683462022
12684462033
12685462044
12686462055
12687462066
12688462077
12689462088
12690462099
12691462100
12692462111
12693462122
12694462133
12695462144
12696462155
12697462166
12698462177
12699462188
12700462199
12701462200
12702462211
12703462222
12704462233
12705462244
12706462255
12707462266
12708462277
12709462288
12710462299
12711462300
12712462311
12713462322
12714462333
12715462344
12716462355
12717462366
12718462377
12719462388
12720462399
12721462400
12722462411
12723462422
12724462433
12725462444
12726462455
12727462466
12728462477
12729462488
12730462499
12731462500
12732462511
12733462522
12734462533
12735462544
12736462555
12737462566
12738462577
12739462588
12740462599
12741462600
12742462611
12743462622
12744462633
12745462644
12746462655
12747462666
12748462677
12749462688
12750462699
12751462700
12752462711
12753462722
12754462733
12755462744
12756462755
12757462766
12758462777
12759462788
12760462799
12761462800
12762462811
12763462822
12764462833
12765462844
12766462855
12767462866
12768462877
12769462888
12770462899
12771462900
12772462911
12773462922
12774462933
12775462944
12776462955
12777462966
12778462977
12779462988
12780462999
12781463000
12782463011
12783463022
12784463033
12785463044
12786463055
12787463066
12788463077
12789463088
12790463099
12791463100
12792463111
12793463122
12794463133
12795463144
12796463155
12797463166
12798463177
12799463188
12800463199
12801463200
12802463211
12803463222
12804463233
12805463244
12806463255
12807463266
12808463277
12809463288
12810463299
12811463300
12812463311
12813463322
12814463333
12815463344
12816463355
12817463366
12818463377
12819463388
12820463399
12821463400
12822463411
12823463422
12824463433
12825463444
12826463455
12827463466
12828463477
12829463488
12830463499
12831463500
12598461177
12599461188
12600461199
12601461200
12602461211
12603461222
12604461233
12605461244
12606461255
12607461266
12608461277
12609461288
12610461299
12611461300
12612461311
12613461322
12614461333
12615461344
12616461355
12617461366
12618461377
12619461388
12620461399
12621461400
12622461411
12623461422
12624461433
12625461444
12626461455
12627461466
12628461477
12629461488
12630461499
12631461500
12632461511
12633461522
12634461533
12635461544
12636461555
12637461566
12638461577
12639461588
12640461599
12641461600
12642461611
12643461622
12644461633
12645461644
12646461655
12647461666
12648461677
12649461688
12650461699
12651461700
12652461711
12653461722
12654461733
12655461744
12656461755
12657461766
12658461777
12659461788
12660461799
12661461800
12662461811
12663461822
12664461833
12665461844
12666461855
12667461866
12668461877
12669461888
12670461899
12671461900
12672461911
12673461922
12674461933
12675461944
12676461955
12677461966
12678461977
12679461988
12680461999
12681462000
12682462011
12683462022
12684462033
12685462044
12686462055
12687462066
12688462077
12689462088
12690462099
12691462100
12692462111
12693462122
12694462133
12695462144
12696462155
12697462166
12698462177
12699462188
12700462199
12701462200
12702462211
12703462222
12704462233
12705462244
12706462255
12707462266
12708462277
12709462288
12710462299
12711462300
12712462311
12713462322
12714462333
12715462344
12716462355
12717462366
12718462377
12719462388
12720462399
12721462400
12722462411
12723462422
12724462433
12725462444
12726462455
12727462466
12728462477
12729462488
12730462499
12731462500
12732462511
12733462522
12734462533
12735462544
12736462555
12737462566
12738462577
12739462588
12740462599
12741462600
12742462611
12743462622
12744462633
12745462644
12746462655
12747462666
12748462677
12749462688
12750462699
12751462700
12752462711
12753462722
12754462733
12755462744
12756462755
12757462766
12758462777
12759462788
12760462799
12761462800
12762462811
12763462822
12764462833
12765462844
12766462855
12767462866
12768462877
12769462888
12770462899
12771462900
12772462911
12773462922
12774462933
12775462944
12776462955
12777462966
12778462977
12779462988
12780462999
12781463000
12782463011
12783463022
12784463033
12785463044
12786463055
12787463066
12788463077
12789463088
12790463099
12791463100
12792463111
12793463122
12794463133
12795463144
12796463155
12797463166
12798463177
12799463188
12800463199
12801463200
12802463211
12803463222
12804463233
12805463244
12806463255
12807463266
12808463277
12809463288
12810463299
12811463300
12812463311
12813463322
12814463333
12815463344
12816463355
12817463366
12818463377
12819463388
12820463399
12821463400
12822463411
12823463422
12824463433
12825463444
12826463455
12827463466
12828463477
12829463488
12830463499
12831463500
12598461177
12599461188
12600461199
12601461200
12602461211
12603461222
12604461233
12605461244
12606461255
12607461266
12608461277
12609461288
12610461299
12611461300
12612461311
12613461322
12614461333
12615461344
12616461355
12617461366
12618461377
12619461388
12620461399
12621461400
12622461411
12623461422
12624461433
12625461444
12626461455
12627461466
12628461477
12629461488
12630461499
12631461500
12632461511
12633461522
12634461533
12635461544
12636461555
12637461566
12638461577
12639461588
12640461599
12641461600
12642461611
12643461622
12644461633
12645461644
12646461655
12647461666
12648461677
12649461688
12650461699
12651461700
12652461711
12653461722
12654461733
12655461744
12656461755
12657461766
12658461777
12659461788
12660461799
12661461800
12662461811
12663461822
12664461833
12665461844
12666461855
12667461866
12668461877
12669461888
12670461899
12671461900
12672461911
12673461922
12674461933
12675461944
12676461955
12677461966
12678461977
12679461988
12680461999
12681462000
12682462011
12683462022
12684462033
12685462044
12686462055
12687462066
12688462077
12689462088
12690462099
12691462100
12692462111
12693462122
12694462133
12695462144
12696462155
12697462166
12698462177
12699462188
12700462199
12701462200
12702462211
12703462222
12704462233
12705462244
12706462255
12707462266
12708462277
12709462288
12710462299
12711462300
12712462311
12713462322
12714462333
12715462344
12716462355
12717462366
12718462377
12719462388
12720462399
12721462400
12722462411
12723462422
12724462433
12725462444
12726462455
12727462466
12728462477
12729462488
12730462499
12731462500
12732462511
12733462522
12734462533
12735462544
12736462555
12737462566
12738462577
12739462588
12740462599
12741462600
12742462611
12743462622
12744462633
12745462644
12746462655
12747462666
12748462677
12749462688
12750462699
12751462700
12752462711
12753462722
12754462733
12755462744
12756462755
12757462766
12758462777
12759462788
12760462799
12761462800
12762462811
12763462822
12764462833
12765462844
12766462855
12767462866
12768462877
12769462888
12770462899
12771462900
12772462911
12773462922
12774462933
12775462944
12776462955
12777462966
12778462977
12779462988
12780462999
12781463000
12782463011
12783463022
12784463033
12785463044
12786463055
12787463066
12788463077
12789463088
12790463099
12791463100
12792463111
12793463122
12794463133
12795463144
12796463155
12797463166
12798463177
12799463188
12800463199
12801463200
12802463211
12803463222
12804463233
12805463244
12806463255
12807463266
12808463277
12809463288
12810463299
12811463300
12812463311
12813463322
12814463333
12815463344
12816463355
12817463366
12818463377
12819463388
12820463399
12821463400
12822463411
12823463422
12824463433
12825463444
12826463455
12827463466
12828463477
12829463488
12830463499
12831463500
