15908512138511
15908512138522
15908512138533
15908512138544
15908512138555
15908512138566
15908512138570
15908512138581
15908512138592
15908512138603
15908512138614
15908512138625
15908512138636
15908512138640
15908512138651
15908512138662
15908512138673
15908512138684
15908512138695
15908512138706
15908512138710
15908512138721
15908512138732
15908512138743
15908512138754
15908512138765
15908512138776
15908512138780
15908512138791
15908512138802
15908512138813
15908512138824
15908512138835
15908512138846
15908512138850
15908512138861
15908512138872
15908512138883
15908512138894
15908512138905
15908512138916
15908512138920
15908512138931
15908512138942
15908512138953
15908512138964
15908512138975
15908512138986
15908512138990
15908512139001
15908512139012
15908512139023
15908512139034
15908512139045
15908512139056
15908512139060
15908512139071
15908512139082
15908512139093
15908512139104
15908512139115
15908512139126
15908512139130
15908512139141
15908512139152
15908512139163
15908512139174
15908512139185
15908512139196
15908512139200
15908512139211
15908512139222
15908512139233
15908512139244
15908512139255
15908512139266
15908512139270
15908512139281
15908512139292
15908512139303
15908512139314
15908512139325
15908512139336
15908512139340
15908512139351
15908512139362
15908512139373
15908512139384
15908512139395
15908512139406
15908512139410
15908512139421
15908512139432
15908512139443
15908512139454
15908512139465
15908512139476
15908512139480
15908512139491
15908512139502
15908512139513
15908512139524
15908512139535
15908512139546
15908512139550
15908512139561
15908512139572
15908512139583
15908512139594
15908512139605
15908512139616
15908512139620
15908512139631
15908512139642
15908512139653
15908512139664
15908512139675
15908512139686
15908512139690
15908512139701
15908512139712
15908512139723
15908512139734
15908512139745
15908512139756
15908512139760
15908512139771
15908512139782
15908512139793
15908512139804
15908512139815
15908512139826
15908512139830
15908512139841
15908512139852
15908512139863
15908512139874
15908512139885
15908512139896
15908512139900
15908512139911
15908512139922
15908512139933
15908512139944
15908512139955
15908512139966
15908512139970
15908512139981
15908512139992
15908512140003
15908512140014
15908512140025
15908512140036
15908512140040
15908512140051
15908512140062
15908512140073
15908512140084
15908512140095
15908512140106
15908512140110
15908512140121
15908512140132
15908512140143
15908512140154
15908512140165
15908512140176
15908512140180
15908512140191
15908512140202
15908512140213
15908512140224
15908512140235
15908512140246
15908512140250
15908512140261
15908512140272
15908512140283
15908512140294
15908512140305
15908512140316
15908512140320
15908512140331
15908512140342
15908512140353
15908512140364
15908512140375
15908512140386
15908512140390
15908512140401
15908512140412
15908512140423
15908512140434
15908512140445
15908512140456
15908512140460
15908512140471
15908512140482
15908512140493
15908512140504
15908512140515
15908512140526
15908512140530
15908512140541
15908512140552
15908512140563
15908512140574
15908512140585
15908512140596
15908512140600
15908512140611
15908512140622
15908512140633
15908512140644
15908512140655
15908512140666
15908512140670
15908512140681
15908512140692
15908512140703
15908512140714
15908512140725
15908512140736
15908512140740
15908512140751
15908512140762
15908512140773
15908512140784
15908512140795
15908512140806
15908512140810
15908512140821
15908512140832
15908512140843
15908512140854
15908512140865
15908512140876
15908512140880
15908512140891
15908512140902
15908512140913
15908512140924
15908512140935
15908512140946
15908512140950
15908512140961
15908512140972
15908512140983
15908512140994
15908512141005
15908512141016
15908512141020
15908512141031
15908512141042
15908512141053
15908512141064
15908512141075
15908512141086
15908512141090
15908512141101
15908512141112
15908512141123
15908512141134
15908512141145
15908512141156
15908512141160
15908512141171
15908512141182
15908512141193
15908512141204
15908512141215
15908512141226
15908512141230
15908512141241
15908512141252
15908512141263
15908512141274
15908512141285
15908512141296
15908512141300
15908512141311
15908512141322
15908512141333
15908512141344
15908512141355
15908512141366
15908512141370
15908512141381
15908512141392
15908512141403
15908512141414
15908512141425
15908512141436
15908512141440
15908512141451
15908512141462
15908512141473
15908512141484
15908512141495
15908512141506
15908512141510
15908512141521
15908512141532
15908512141543
15908512141554
15908512141565
15908512141576
15908512141580
15908512141591
15908512141602
15908512141613
15908512141624
15908512141635
15908512141646
15908512141650
15908512141661
15908512141672
15908512141683
15908512141694
15908512141705
15908512141716
15908512141720
15908512141731
15908512141742
15908512141753
15908512141764
15908512141775
15908512141786
15908512141790
15908512141801
15908512141812
15908512141823
15908512141834
15908512141845
15908512141856
15908512141860
15908512141871
15908512141882
15908512141893
15908512141904
15908512141915
15908512141926
15908512141930
15908512141941
15908512141952
15908512141963
15908512141974
15908512141985
15908512141996
15908512142000
15908512142011
15908512142022
15908512142033
15908512142044
15908512142055
15908512142066
15908512142070
15908512142081
15908512142092
15908512142103
15908512142114
15908512142125
15908512142136
15908512142140
15908512142151
15908512142162
15908512142173
15908512142184
15908512142195
15908512142206
15908512142210
15908512142221
15908512142232
15908512142243
15908512142254
15908512142265
15908512142276
15908512142280
15908512142291
15908512142302
15908512142313
15908512142324
15908512142335
15908512142346
15908512142350
15908512142361
15908512142372
15908512142383
15908512142394
15908512142405
15908512142416
15908512142420
15908512142431
15908512142442
15908512142453
15908512142464
15908512142475
15908512142486
15908512142490
15908512142501
15908512142512
15908512142523
15908512142534
15908512142545
15908512142556
15908512142560
15908512142571
15908512142582
15908512142593
15908512142604
15908512142615
15908512142626
15908512142630
15908512142641
15908512142652
15908512142663
15908512142674
15908512142685
15908512142696
15908512142700
15908512142711
15908512142722
15908512142733
15908512142744
15908512142755
15908512142766
15908512142770
15908512142781
15908512142792
15908512142803
15908512142814
15908512142825
15908512142836
15908512142840
15908512142851
15908512142862
15908512142873
15908512142884
15908512142895
15908512142906
15908512142910
15908512142921
15908512142932
15908512142943
15908512142954
15908512142965
15908512142976
15908512142980
15908512142991
15908512143002
15908512143013
15908512143024
15908512143035
15908512143046
15908512143050
15908512143061
15908512143072
15908512143083
15908512143094
15908512143105
15908512143116
15908512143120
15908512143131
15908512143142
15908512143153
15908512143164
15908512143175
15908512143186
15908512143190
15908512143201
15908512143212
15908512143223
15908512143234
15908512143245
15908512143256
15908512143260
15908512143271
15908512143282
15908512143293
15908512143304
15908512143315
15908512143326
15908512143330
15908512143341
15908512143352
15908512143363
15908512143374
15908512143385
15908512143396
15908512143400
15908512143411
15908512143422
15908512143433
15908512143444
15908512143455
15908512143466
15908512143470
15908512143481
15908512143492
15908512143503
15908512143514
15908512143525
15908512143536
15908512143540
15908512143551
15908512143562
15908512143573
15908512143584
15908512143595
15908512143606
15908512143610
15908512143621
15908512143632
15908512143643
15908512143654
15908512143665
15908512143676
15908512143680
15908512143691
15908512143702
15908512143713
15908512143724
15908512143735
15908512143746
15908512143750
15908512143761
15908512143772
15908512143783
15908512143794
15908512143805
15908512143816
15908512143820
15908512143831
15908512143842
15908512143853
15908512143864
15908512143875
15908512143886
15908512143890
15908512143901
15908512143912
15908512143923
15908512143934
15908512143945
15908512143956
15908512143960
15908512143971
15908512143982
15908512143993
15908512144004
15908512144015
15908512144026
15908512144030
15908512144041
15908512144052
15908512144063
15908512144074
15908512144085
15908512144096
15908512144100
15908512144111
15908512144122
15908512144133
15908512144144
15908512144155
15908512144166
15908512144170
15908512144181
15908512144192
15908512144203
15908512144214
15908512144225
15908512144236
15908512144240
15908512144251
15908512144262
15908512144273
15908512144284
15908512144295
15908512144306
15908512144310
15908512144321
15908512144332
15908512144343
15908512144354
15908512144365
15908512144376
15908512144380
15908512144391
15908512144402
15908512144413
15908512144424
15908512144435
15908512144446
15908512144450
15908512144461
15908512144472
15908512144483
15908512144494
15908512144505
15908512144516
15908512144520
15908512144531
15908512144542
15908512144553
15908512144564
15908512144575
15908512144586
15908512144590
15908512144601
15908512144612
15908512144623
15908512144634
15908512144645
15908512144656
15908512144660
15908512144671
15908512144682
15908512144693
15908512144704
15908512144715
15908512144726
15908512144730
15908512144741
15908512144752
15908512144763
15908512144774
15908512144785
15908512144796
15908512144800
15908512144811
15908512144822
15908512144833
15908512144844
15908512144855
15908512144866
15908512144870
15908512144881
15908512144892
15908512144903
15908512144914
15908512144925
15908512144936
15908512144940
15908512144951
15908512144962
15908512144973
15908512144984
15908512144995
15908512145006
15908512145010
15908512145021
15908512145032
15908512145043
15908512145054
15908512145065
15908512145076
15908512145080
15908512145091
15908512145102
15908512145113
15908512145124
15908512145135
15908512145146
15908512145150
15908512145161
15908512145172
15908512145183
15908512145194
15908512145205
15908512145216
15908512145220
15908512145231
15908512145242
15908512145253
15908512145264
15908512145275
15908512145286
15908512145290
15908512145301
15908512145312
15908512145323
15908512145334
15908512145345
15908512145356
15908512145360
15908512145371
15908512145382
15908512145393
15908512145404
15908512145415
15908512145426
15908512145430
15908512145441
15908512145452
15908512145463
15908512145474
15908512145485
15908512145496
15908512145500
15908512145511
15908512145522
15908512145533
15908512145544
15908512145555
15908512145566
15908512145570
15908512145581
15908512145592
15908512145603
15908512145614
15908512145625
15908512145636
15908512145640
15908512145651
15908512145662
15908512145673
15908512145684
15908512145695
15908512145706
15908512145710
15908512145721
15908512145732
15908512145743
15908512145754
15908512145765
15908512145776
15908512145780
15908512145791
15908512145802
15908512145813
15908512145824
15908512145835
15908512145846
15908512145850
15908512145861
15908512145872
15908512145883
15908512145894
15908512145905
15908512145916
15908512145920
15908512145931
15908512145942
15908512145953
15908512145964
15908512145975
15908512145986
15908512145990
15908512146001
15908512146012
15908512146023
15908512146034
15908512146045
15908512146056
15908512146060
15908512146071
15908512146082
15908512146093
15908512146104
15908512146115
15908512146126
15908512146130
15908512146141
15908512146152
15908512146163
15908512146174
15908512146185
15908512146196
15908512146200
15908512146211
15908512146222
15908512146233
